
23 by 23 matrix inversion

input matrix of order 23 * 23
4.472119	7.042603	-7.137405	-6.014334	-2.007303	3.349810	-7.365865	6.126536	9.296371	-5.625129	-7.488190	-5.767764	-6.881768	-6.761218	-7.635897	-5.719233	9.195536	-7.888614	-6.282612	2.995188	0.810565	7.662222	2.798589	
-7.413146	7.755220	-7.943695	-7.174491	-5.782585	-7.293954	-7.219394	-7.881885	-5.846742	-7.048968	-3.142566	-6.156044	-6.249698	-1.807585	-5.892630	0.679882	-7.251121	-7.501106	3.191692	-7.313853	-6.631879	-7.370165	-2.447168	
-6.646079	-7.817463	-7.133331	-7.223658	-6.517944	-6.052274	-7.047036	-5.330525	-7.760388	-5.664809	-7.476748	-2.298465	-6.440330	-0.656693	-6.449240	-7.525918	-2.073791	-7.793175	-6.840174	-6.583902	6.621591	-6.020933	5.401207	
-7.269853	-7.567022	-5.960985	-5.950684	-1.758418	-6.227977	7.332622	5.794414	-7.169023	-7.800130	5.114349	3.123514	3.869583	-5.901131	-5.734684	8.539058	-7.956486	-5.961324	-1.780921	-7.186332	-2.401654	0.165215	-7.930540	
-6.766083	8.091424	-5.723715	-7.901225	-7.849248	6.434764	7.828749	-7.695236	-2.134357	-5.784147	-7.291334	-5.872027	-2.549557	-7.814279	-5.854694	-7.675514	-2.782696	-7.949792	-7.524371	-7.965918	-6.562834	-7.720469	-7.995570	
-0.038954	-7.192186	-7.591702	0.782954	-7.158254	-6.831868	-7.905183	-3.837614	-7.892918	-6.096041	-4.024441	-5.794143	7.597441	-7.758968	6.937647	-5.935492	-7.680311	6.146508	-7.521793	-7.847306	-7.640305	-6.310394	-7.996967	
-6.107866	0.906911	-5.946759	-7.135157	-6.875227	-6.804561	-1.505935	-1.657641	-5.808456	-1.225154	-6.757466	-0.251278	-6.280770	-7.884301	-6.930311	-5.949819	-5.777219	-7.321319	-3.619422	-5.866329	4.345789	-7.120910	5.324683	
-5.792034	-0.961884	-6.852881	-7.608794	-6.943494	2.118469	-7.239834	-2.354287	6.010603	-6.149143	-4.771555	7.093560	-7.319337	-6.281716	0.203421	-6.485101	-6.385139	8.978267	-7.537535	-7.052345	3.220899	-7.168028	-6.635545	
3.625917	-7.889890	7.481684	-7.999351	-5.028545	8.916263	-4.152277	5.821829	8.046252	4.885839	-5.656653	-5.804169	-7.498773	6.461815	-7.338970	0.146940	-6.752758	-7.783080	5.375385	-6.581823	-3.973845	-0.391449	4.355223	
-5.882486	-7.192515	-7.958621	-7.714987	-4.244860	-6.636531	-7.431790	-6.060031	-5.689066	-7.220779	3.931698	-7.568257	-7.171065	-6.715204	-6.983485	1.615090	-2.055460	-7.898682	-4.495144	-3.046825	-5.397455	-7.803333	-6.643653	
4.749485	1.489416	2.782999	-6.987513	-7.278483	8.809154	-6.026658	-5.842960	7.034625	-5.745909	-7.542917	-6.011525	-4.653627	5.255846	-7.738282	7.963870	9.566779	-2.540290	5.728085	-0.654650	-6.425094	-4.373628	-6.890031	
-6.308943	3.570912	-6.679899	-5.758457	-7.947591	-6.219645	-7.856757	1.137887	-0.396638	-6.707816	-7.607911	-6.027177	-6.435664	-5.726996	-6.348802	-6.019960	6.814993	-6.389679	-7.857844	3.750070	-5.855041	-6.332260	-6.363275	
-7.037006	3.294509	-1.227164	6.024384	4.229044	-6.337365	-7.834924	-7.620943	-6.941275	-6.477833	-6.441994	-6.994700	2.796082	-6.956606	-1.464244	-7.606603	-5.996270	-5.854240	-5.094817	-6.318414	-6.584871	-5.314450	-6.962183	
-6.899799	-7.849946	-7.646829	-0.526103	-6.474939	-7.796838	-6.798374	-7.133181	-7.767208	6.496134	-7.045453	-6.164770	-6.927482	-7.677786	7.053384	-6.689576	0.859719	-0.674620	-7.426537	-5.908728	-7.787854	3.218892	-3.501195	
-6.894242	0.306520	-4.993269	-1.989059	-5.827293	-6.084198	2.696491	-6.544913	-7.278964	-6.580297	5.132906	-6.331575	-7.350203	-6.283548	-6.011412	2.216489	6.542767	3.432342	-5.823804	1.945395	2.078468	-7.796557	-7.100122	
-6.568792	-6.710585	-6.167584	7.097034	-6.914280	7.495948	-6.968407	-6.264400	-7.939829	-5.937755	-5.763726	-7.138735	8.454811	-6.142892	-5.869086	-6.360365	-7.716823	-6.744350	-1.420413	6.566347	6.104802	-7.205563	3.502554	
-7.167871	9.337204	-7.306510	-7.286642	-6.871740	-7.185726	-3.781666	7.331707	9.505152	-6.088752	2.706193	-6.339781	-7.297999	-6.979786	-7.603156	-7.857366	-2.145825	-7.835879	-7.916059	-6.353318	-7.651331	6.460813	-6.517371	
6.933376	-6.070742	-7.556688	-7.448704	2.909252	-5.946208	-7.169260	-7.358819	-7.409046	-5.305068	0.397029	0.093439	-6.402247	-6.146023	6.311773	0.359566	5.095251	2.474585	-7.693424	-1.252235	-6.050540	0.318227	-6.728380	
7.971264	8.172403	1.407745	-6.118933	1.689553	-6.510556	2.321810	-6.433832	-1.121856	-1.335285	-7.200072	-6.560889	-7.842603	-7.441247	9.748835	-4.963899	-1.452608	-7.555623	5.433130	8.640831	7.471627	1.023229	-6.504740	
-7.216881	-7.388152	-5.522484	-2.052721	-6.513376	0.224385	8.265506	-7.536722	8.993703	-6.356209	-6.395948	4.854700	-4.822212	-7.201471	-7.282349	-1.256043	-6.313657	-6.415878	-6.325676	-7.169513	4.465518	9.381098	-4.895971	
9.501619	-7.207151	-7.045220	-6.506525	-6.380353	-5.930249	-6.991696	-6.142775	-6.809906	-7.087322	0.009504	-6.015178	-7.895664	1.225335	5.164055	-7.273541	-7.988376	-1.347709	-6.123302	-6.502906	3.830079	-7.619740	9.197772	
-7.742596	7.716357	2.089323	6.367604	-6.928449	-7.344516	-6.425130	-1.824420	-6.893212	-7.927248	-6.227662	-6.195846	-7.565283	-5.820687	-5.895016	9.969744	-6.925560	-7.277305	-7.993016	-7.235705	-4.679365	-7.880763	-5.719300	
-1.952905	-5.869139	-1.490381	-6.135597	-6.667013	-7.766030	-7.233300	-0.422028	9.640607	-7.566316	-7.833270	8.331665	-4.494765	-4.727536	1.130694	3.680814	-1.620748	-6.814179	-1.545482	-6.528885	3.255704	-2.702028	5.712831	

Begining time
2023-06-20 08:51:49.000

 CPU time used: 0.000328 seconds

End time
2023-06-20 08:51:49.000

---------------------

inverted matrix
-0.017323	-0.081344	-0.072404	0.029270	-0.039252	-0.028542	0.120306	0.007730	-0.067681	0.032965	0.105488	0.011767	0.032183	0.014270	-0.074875	-0.011182	0.015374	-0.023326	-0.003173	0.015990	0.082348	0.001225	-0.054486	
-0.000239	0.017814	0.025705	-0.030709	0.016515	0.017062	0.006299	-0.004534	-0.018521	-0.000174	-0.005668	-0.024832	-0.031849	-0.021917	-0.017021	-0.002023	0.022575	0.013670	0.007049	-0.010475	-0.027537	0.023465	-0.007333	
-0.078754	0.004545	0.063909	-0.059845	0.021806	0.027800	-0.012374	-0.051131	0.104397	-0.121223	-0.046546	-0.043386	-0.015616	-0.066555	0.098743	0.060634	0.093327	0.152423	0.010673	-0.024326	-0.094656	0.013949	0.062962	
-0.016921	-0.102272	-0.145001	0.108405	-0.064585	-0.136781	0.097140	0.051565	-0.103643	-0.003276	0.147788	0.042604	0.124498	0.109039	-0.056876	0.009085	0.004059	-0.105584	-0.024220	0.002751	0.166302	-0.015097	-0.045064	
0.081656	0.057260	0.030319	-0.022059	0.019441	0.038933	-0.078288	0.005614	0.035558	0.064658	-0.095531	0.004666	0.013316	-0.032958	0.012232	-0.058925	-0.096892	-0.028319	0.002833	0.014269	-0.039071	-0.005344	0.000984	
0.002143	-0.019178	-0.018136	0.036679	0.022731	-0.058325	-0.015801	0.031150	0.000701	-0.030446	0.025960	-0.028408	0.016726	0.034049	0.001563	0.041566	0.014810	0.013971	-0.006732	-0.032196	0.021577	-0.001731	0.002933	
0.017222	0.016462	-0.036280	0.022334	0.019490	-0.002521	-0.016585	-0.011595	0.014254	-0.016456	-0.027306	0.040661	0.012427	0.004454	0.030044	-0.026036	-0.047887	-0.032423	-0.003987	0.025928	0.030877	-0.016961	0.001363	
0.020957	-0.037361	-0.048083	0.089448	-0.023181	-0.053022	0.011941	0.037295	-0.011740	-0.030083	0.035573	0.033393	0.047038	0.049012	-0.006343	-0.002677	-0.007939	-0.053824	-0.002406	-0.032761	0.063451	-0.010182	-0.011547	
0.048777	0.019326	0.004130	-0.051617	0.015249	0.059103	-0.047122	0.000235	-0.004190	0.105683	-0.047161	0.010101	-0.025569	-0.024657	-0.019327	-0.054848	-0.054975	-0.073949	0.004124	0.032544	-0.018603	-0.000141	0.013481	
0.016803	-0.037321	0.025279	-0.054625	0.001705	0.052523	0.058261	0.002831	-0.054797	0.152177	0.010779	-0.018150	-0.060098	0.004671	-0.099529	-0.056211	-0.030851	-0.067567	0.009703	0.015710	-0.033629	0.028121	-0.055101	
-0.054104	-0.059222	-0.024827	0.014122	-0.007262	-0.056914	0.044170	0.006306	-0.040077	0.013466	0.059969	-0.044106	0.015718	0.018606	-0.010489	0.036670	0.085128	0.015176	-0.006654	-0.031557	0.034933	-0.008321	0.000783	
-0.086268	-0.073444	-0.072030	0.056056	-0.035650	-0.108521	0.116875	0.029914	-0.063668	-0.053058	0.108844	0.030095	0.049986	0.035850	-0.061699	0.043621	0.065090	0.041430	-0.020717	-0.006585	0.067139	-0.012164	-0.014640	
0.012234	0.024168	0.097318	-0.077262	0.035272	0.122060	-0.028709	-0.047479	0.004039	0.057059	-0.051514	-0.041577	-0.078370	-0.072486	-0.019236	-0.015025	0.001281	0.016328	0.009635	0.004397	-0.103487	0.014885	0.014091	
-0.001865	0.019465	0.064067	-0.012052	0.001172	0.015361	-0.063929	0.003309	-0.025591	0.041791	-0.007096	0.043460	-0.032612	-0.013049	-0.057587	-0.040908	-0.027932	-0.047746	0.001028	0.022462	0.012416	0.015691	-0.039712	
0.008590	0.005353	0.011059	0.025335	0.035897	-0.021500	-0.084891	0.015511	-0.004342	-0.011328	-0.021586	-0.012334	-0.004959	0.041284	0.006251	0.006935	-0.005723	-0.022601	0.019537	-0.039318	0.016008	0.000773	0.043625	
0.063145	0.062700	0.061166	-0.055483	0.030499	0.090568	-0.076410	-0.021346	0.020766	0.079666	-0.084988	-0.026848	-0.091385	-0.042097	-0.002444	-0.040211	-0.069389	-0.011264	0.008831	0.015952	-0.079496	0.048375	0.013540	
-0.005647	-0.067558	-0.025943	0.055464	-0.009256	-0.066800	0.041532	0.010486	-0.054952	-0.019653	0.093357	-0.011625	0.058933	0.061135	0.003797	0.003373	0.024780	-0.032498	-0.010339	-0.037125	0.050960	-0.027050	0.010259	
0.030454	0.088635	0.025303	-0.049994	-0.000095	0.080996	-0.048124	-0.010701	0.084450	-0.060934	-0.092156	-0.002175	-0.032901	-0.051555	0.096623	-0.008672	-0.033327	0.051985	-0.008724	0.019424	-0.068112	-0.005137	0.014734	
-0.027610	-0.028882	-0.123409	0.118985	-0.061086	-0.121181	0.084661	0.039746	-0.032556	-0.086092	0.125771	0.007757	0.117843	0.091362	0.021302	0.039405	0.029252	-0.040493	-0.003892	-0.029906	0.107087	-0.064721	0.000499	
-0.008533	0.074646	0.027183	-0.071253	0.012611	0.056806	-0.060795	-0.034551	0.067758	-0.009458	-0.110734	0.059956	-0.076488	-0.070589	0.029205	0.021341	-0.023322	0.072766	0.009704	0.033135	-0.073279	0.013001	0.012092	
0.026171	-0.047053	0.063272	0.003201	-0.009091	0.015144	0.004502	0.026997	-0.054733	0.070175	0.034459	-0.055282	-0.016147	0.005597	-0.036224	-0.023503	-0.002010	-0.068573	0.031262	-0.011461	-0.005809	0.018706	-0.025458	
-0.019144	0.042951	0.051516	-0.022009	-0.005812	0.019101	-0.029482	-0.033118	0.049458	-0.094405	-0.030126	-0.038027	-0.031806	-0.020688	0.046039	0.043788	0.061038	0.100383	0.004611	0.009782	-0.059400	0.006764	0.012787	
0.027476	0.089390	0.018153	-0.054756	0.034531	0.042065	-0.055631	-0.048134	0.083621	-0.060602	-0.111195	-0.010488	-0.035077	-0.041746	0.087391	0.017652	-0.021009	0.065658	-0.021219	-0.000051	-0.051315	-0.005590	0.065479	

verification of inversion
1.000000	0.000000	0.000000	-0.000000	0.000000	0.000000	-0.000000	-0.000000	0.000000	0.000000	-0.000000	-0.000000	-0.000000	-0.000000	0.000000	-0.000000	0.000000	0.000000	0.000000	0.000000	-0.000000	0.000000	0.000000	
-0.000000	1.000000	0.000000	-0.000000	0.000000	0.000000	-0.000000	-0.000000	0.000000	0.000000	-0.000000	-0.000000	-0.000000	-0.000000	0.000000	-0.000000	0.000000	0.000000	0.000000	0.000000	-0.000000	0.000000	0.000000	
0.000000	0.000000	1.000000	-0.000000	0.000000	0.000000	-0.000000	-0.000000	0.000000	0.000000	-0.000000	-0.000000	-0.000000	-0.000000	0.000000	-0.000000	-0.000000	-0.000000	0.000000	0.000000	-0.000000	0.000000	-0.000000	
0.000000	0.000000	0.000000	1.000000	0.000000	0.000000	-0.000000	-0.000000	0.000000	0.000000	-0.000000	0.000000	-0.000000	-0.000000	0.000000	-0.000000	-0.000000	-0.000000	0.000000	0.000000	-0.000000	0.000000	-0.000000	
-0.000000	0.000000	0.000000	-0.000000	1.000000	0.000000	-0.000000	-0.000000	0.000000	0.000000	-0.000000	-0.000000	-0.000000	-0.000000	-0.000000	0.000000	0.000000	0.000000	0.000000	0.000000	-0.000000	0.000000	0.000000	
-0.000000	-0.000000	0.000000	-0.000000	-0.000000	1.000000	0.000000	-0.000000	-0.000000	0.000000	0.000000	-0.000000	-0.000000	-0.000000	-0.000000	0.000000	0.000000	0.000000	0.000000	0.000000	-0.000000	0.000000	-0.000000	
0.000000	0.000000	0.000000	-0.000000	0.000000	0.000000	1.000000	-0.000000	0.000000	-0.000000	-0.000000	-0.000000	-0.000000	-0.000000	0.000000	0.000000	0.000000	0.000000	0.000000	-0.000000	-0.000000	0.000000	0.000000	
0.000000	0.000000	0.000000	-0.000000	0.000000	0.000000	-0.000000	1.000000	0.000000	0.000000	-0.000000	-0.000000	-0.000000	-0.000000	0.000000	0.000000	0.000000	0.000000	0.000000	-0.000000	-0.000000	0.000000	0.000000	
0.000000	0.000000	-0.000000	0.000000	0.000000	-0.000000	-0.000000	0.000000	1.000000	-0.000000	-0.000000	0.000000	0.000000	0.000000	0.000000	0.000000	-0.000000	-0.000000	-0.000000	-0.000000	0.000000	-0.000000	0.000000	
0.000000	0.000000	0.000000	0.000000	0.000000	0.000000	-0.000000	0.000000	0.000000	1.000000	-0.000000	0.000000	-0.000000	-0.000000	0.000000	-0.000000	-0.000000	-0.000000	0.000000	-0.000000	-0.000000	0.000000	0.000000	
0.000000	0.000000	-0.000000	0.000000	0.000000	-0.000000	-0.000000	0.000000	0.000000	-0.000000	1.000000	0.000000	0.000000	0.000000	0.000000	0.000000	-0.000000	-0.000000	-0.000000	-0.000000	0.000000	-0.000000	0.000000	
0.000000	0.000000	-0.000000	0.000000	-0.000000	-0.000000	0.000000	-0.000000	-0.000000	0.000000	0.000000	1.000000	-0.000000	0.000000	0.000000	0.000000	0.000000	-0.000000	0.000000	-0.000000	-0.000000	0.000000	0.000000	
0.000000	0.000000	-0.000000	-0.000000	0.000000	0.000000	-0.000000	-0.000000	0.000000	-0.000000	-0.000000	-0.000000	1.000000	-0.000000	0.000000	-0.000000	-0.000000	-0.000000	-0.000000	0.000000	-0.000000	0.000000	0.000000	
-0.000000	-0.000000	0.000000	0.000000	-0.000000	-0.000000	0.000000	0.000000	-0.000000	0.000000	0.000000	0.000000	0.000000	1.000000	-0.000000	0.000000	0.000000	-0.000000	-0.000000	-0.000000	-0.000000	0.000000	-0.000000	
-0.000000	0.000000	-0.000000	0.000000	-0.000000	-0.000000	0.000000	-0.000000	-0.000000	0.000000	-0.000000	0.000000	-0.000000	0.000000	1.000000	-0.000000	-0.000000	-0.000000	0.000000	0.000000	-0.000000	0.000000	0.000000	
0.000000	-0.000000	-0.000000	0.000000	-0.000000	0.000000	0.000000	0.000000	-0.000000	0.000000	-0.000000	-0.000000	-0.000000	-0.000000	-0.000000	1.000000	-0.000000	-0.000000	0.000000	0.000000	-0.000000	0.000000	-0.000000	
-0.000000	-0.000000	-0.000000	0.000000	-0.000000	-0.000000	0.000000	0.000000	-0.000000	-0.000000	0.000000	-0.000000	0.000000	0.000000	-0.000000	0.000000	1.000000	-0.000000	-0.000000	-0.000000	0.000000	-0.000000	0.000000	
-0.000000	-0.000000	0.000000	-0.000000	0.000000	-0.000000	0.000000	0.000000	0.000000	-0.000000	-0.000000	0.000000	0.000000	-0.000000	0.000000	0.000000	-0.000000	1.000000	0.000000	-0.000000	0.000000	0.000000	-0.000000	
0.000000	0.000000	0.000000	-0.000000	0.000000	0.000000	-0.000000	-0.000000	0.000000	-0.000000	-0.000000	0.000000	-0.000000	-0.000000	0.000000	-0.000000	-0.000000	-0.000000	1.000000	-0.000000	-0.000000	0.000000	0.000000	
0.000000	0.000000	0.000000	-0.000000	0.000000	0.000000	-0.000000	0.000000	-0.000000	0.000000	-0.000000	0.000000	-0.000000	0.000000	0.000000	-0.000000	-0.000000	-0.000000	0.000000	1.000000	-0.000000	0.000000	-0.000000	
-0.000000	0.000000	0.000000	-0.000000	0.000000	0.000000	-0.000000	-0.000000	0.000000	0.000000	-0.000000	0.000000	-0.000000	-0.000000	0.000000	-0.000000	0.000000	-0.000000	0.000000	0.000000	1.000000	0.000000	0.000000	
-0.000000	0.000000	-0.000000	0.000000	-0.000000	0.000000	0.000000	-0.000000	-0.000000	0.000000	0.000000	-0.000000	-0.000000	-0.000000	-0.000000	0.000000	0.000000	0.000000	-0.000000	0.000000	-0.000000	1.000000	-0.000000	
0.000000	0.000000	0.000000	-0.000000	0.000000	-0.000000	-0.000000	-0.000000	0.000000	-0.000000	0.000000	-0.000000	-0.000000	0.000000	0.000000	0.000000	0.000000	0.000000	-0.000000	-0.000000	-0.000000	-0.000000	1.000000	

verification of inversion completed